spotify_id,galiboo_id,anger,happiness,neutral,sadness,surprise
5PkKmEWhfJ9jHVHXbZl0Ks,5a418df68cc3d0d2d423d12a,0.2297969505,0.1974546453,0.4130562365,0.0908697993,0.0688223683
3JFsVIxOn7STeilPICkkB2,5a3fcb49d836490c1870acec,0.2428999038,0.2485431527,0.3823200941,0.0739917536,0.0522450957
31TPClRtHm23RisEBtV3X7,5a41bc398cc3d0d2d42a9aea,0.295267067,0.2211196908,0.38389413,0.057459264,0.0422598483
12Chz98pHFMPJEknJQMWvI,5a41adf28cc3d0d2d426be8f,0.2511420808,0.2401809043,0.3978706065,0.0696382427,0.0411681656
4WRI9YH6mHZQTgQWcMbdqm,5a3fb008d836490c186f4be4,0.245294652,0.2298373627,0.4005228562,0.0760611078,0.0482840213
5jX8L7D6vWHYlNj9k361vI,5a4191c78cc3d0d2d423fa26,0.242172212,0.2481331324,0.4014055826,0.0693507338,0.0389383392
3VEqFWRt47xQAZJMBF3duQ,5a3fc59bd836490c18705b1c,0.2975631523,0.1827702211,0.2842199733,0.0368119321,0.1986347213
1AbCznaNeD0vCCLLQUpTjC,5a41c0458cc3d0d2d42abec7,0.2444062512,0.2433072702,0.2238012023,0.0422304274,0.2462548489
1C1x4MVkql8AiABuTw6DgE,5a4193228cc3d0d2d4240aeb,0.2871195662,0.2129790644,0.2411475956,0.0300533268,0.228700447
2KjAo6wVc9d2WcxdxSArpV,5a3fba55d836490c186fc9e5,0.2600515545,0.1603142997,0.4122337105,0.072072046,0.0953283893
6Evthx116K8vsZKghwceoh,5a419ab98cc3d0d2d4246e35,0.2282857649,0.2498971017,0.4018882284,0.0780950554,0.0418338496
5Il8YjuVAWkWNH2xgjFMpF,5a3faeddd836490c186f3ad9,0.211176832,0.175550383,0.3933215468,0.1162925274,0.1036587108
0fauHpmSHwodVYIjTqOGHz,5a3fb185d836490c186f601e,0.3109263367,0.1612540416,0.2946608771,0.0384826815,0.1946760631
2NxFqOk7uZCe0hxfohdWJX,5a3fe8e3d836490c1871f51e,0.2253333746,0.2677368202,0.2183868857,0.032684622,0.2558582974
4pcyVhXMRbYVm8GEg1uqkF,5a41b6e58cc3d0d2d429f0eb,0.2309585721,0.2267830173,0.2652571383,0.0454287204,0.231572552
6gkHVRYMMXviNI4DglaLrr,5a3fda47d836490c18715414,0.2164063436,0.2265195789,0.3900668183,0.1027885742,0.0642186849
2LFckOYhr4hG0PtLqHYWkz,5a3fcffdd836490c1870d95a,0.282950557,0.1918517998,0.2750627736,0.0419672494,0.2081676202
3DVo02zCQ7iZKujFgRLMXL,5a41a14d8cc3d0d2d424bab3,0.1994372098,0.2194413685,0.429851611,0.1027020403,0.0485677704
5LS9IzpE6W6Aw25KverdM9,5a3fb549d836490c186f8e48,0.3060380362,0.2412907683,0.3412847926,0.0531653444,0.0582210584
4hxDvVq5t8ebPYPdBl1F9f,5a3fb483d836490c186f84f3,0.2851591785,0.1599493848,0.3217634003,0.0410451703,0.192082866
4kHtgiRnpmFIV5Tm4BIs8l,5a41ad0c8cc3d0d2d426663f,0.3071190362,0.173131064,0.2845586778,0.0399219572,0.1952692649
50q5QrJfzlaydAqQya6zWB,5a3feb0bd836490c18721518,0.2401584995,0.2336666619,0.2520946443,0.0412312443,0.2328489499
0MeLMJJcouYXCymQSHPn8g,5a4199928cc3d0d2d4245f51,0.2180084906,0.2952355957,0.20963552,0.0146874426,0.2624329511
3tMLo1k3iUo82coMLWXzxq,5a4192318cc3d0d2d423ff5a,0.2304526093,0.2883158238,0.3805142444,0.0690011862,0.0317161363
1IueXOQyABrMOprrzwQJWN,5a41abd68cc3d0d2d425e8ef,0.2986442665,0.1927988361,0.2722079197,0.0301579457,0.2061910319
1rKrEdI6GKirxWHxIUPYms,5a3fb13dd836490c186f5d00,0.3024193354,0.1742524758,0.3706889121,0.0608527443,0.0917865324
4Y2OXwc53GsYa1MT3R17bR,5a4193c28cc3d0d2d42412ca,0.234617084,0.1328900333,0.4067268287,0.0706855339,0.1550805202
1dUltK2m4kMuls9CbgwPra,5a419f4c8cc3d0d2d424a413,0.2821758411,0.1794914896,0.2931390914,0.046318745,0.1988748329
5WoWlP0ihSFIxnppxjwSgE,5a41990a8cc3d0d2d424588d,0.2591411766,0.160615151,0.3538045726,0.0442199607,0.1822191391
1XqT7nMi7H4WDGdzurdh0r,5a4197e08cc3d0d2d424497c,0.2848557405,0.1995915547,0.2589604319,0.0444737163,0.2121185565
5EPMINvnhwbdrpsDdQsPz9,5a3fb1e8d836490c186f64ff,0.2596233555,0.158127306,0.3497728449,0.0516466391,0.1808298544
1zb5zmIuX2lTbzcn7YeQlg,5a419ff08cc3d0d2d424aaff,0.2639991929,0.1635112905,0.4053076005,0.0651384664,0.1020434497
0eEcbHGsAvOTCZzF5pg8GD,5a41a8278cc3d0d2d4250bf9,0.263929531,0.1484568012,0.3552625109,0.0616843594,0.1706667975
5aAGDGHMxeND8iwylX046x,5a4196a08cc3d0d2d42439ab,0.2246794723,0.2065932532,0.3147308248,0.0392579055,0.2147385443
5b0XQwyoJBFd3MwL2YxEPO,5a3faf6ad836490c186f4329,0.2813959125,0.1804282387,0.2994248866,0.039223273,0.1995276891
1sjw4xq2pAWy5Vdgba5QAt,5a41b67c8cc3d0d2d429cacf,0.2383096107,0.1862678749,0.325397845,0.050580548,0.1994441213
2fg5h5pzleqI4RjFopWroj,5a4190fb8cc3d0d2d423f048,0.2249055011,0.2082302176,0.4169418067,0.091892966,0.0580295086
1KTiZJD9cYb1DjPLI7Vkji,5a41b7bb8cc3d0d2d42a400f,0.2447318861,0.1903062156,0.3196619468,0.0466043317,0.1986956199
6PAt558ZEZl0DmdXlnjMgD,5a4193388cc3d0d2d4240bed,0.2222971681,0.1508526686,0.3863340904,0.0729588907,0.1675571822
0URaosJFbrERLlqhZsd0h4,5a41bf148cc3d0d2d42ab3f1,0.2503863574,0.2563956338,0.3918607114,0.0659883671,0.0353689304
6r54QO0889i9vqaeuruUSn,5a3fb9d7d836490c186fc339,0.2199037329,0.2398309373,0.4011087261,0.0877738544,0.0513827492
6JhUHne9H09NdkTI5E9GSt,5a4197228cc3d0d2d4244029,0.2630494974,0.2673711151,0.3702061223,0.0614007979,0.0379724674
3MHaV05u0io8fQbZ2XPtlC,5a41a0e18cc3d0d2d424b5de,0.255587576,0.2451987396,0.3948481301,0.0667760518,0.0375895026
7xwbnGpTJA94MgILLAeThK,5a418ff78cc3d0d2d423e2d7,0.2135001785,0.2178889319,0.3974192962,0.0973525117,0.0738390817
5beNQx8Rsr5StjfjIhwS4o,5a41a3d88cc3d0d2d424dd82,0.2099418093,0.2369207954,0.2806905069,0.0414525423,0.2309943462
356c8AN5YWKvz86B4Sb1yf,5a3fc114d836490c18702583,0.2194664608,0.2075018851,0.3096932148,0.0579361734,0.205402266
6aZyMrc4doVtZyKNilOmwu,5a3fb424d836490c186f804f,0.3628456961,0.1424172621,0.3320934194,0.0271211652,0.1355224572
7dsugSamBB7enWE2IrlbFg,5a41ab158cc3d0d2d4259e51,0.29127566,0.2302731507,0.3436086534,0.0574811895,0.0773613464
6xlw9V9noTEe067ylMvZDe,5a3fb3f8d836490c186f7e1c,0.2544737252,0.1990428829,0.2835747055,0.0587399466,0.2041687397
5JZXYantGqgguYFt5pw1uH,5a4192278cc3d0d2d423fece,0.2753416479,0.1675329857,0.3790542322,0.0725734299,0.1054977042
1OlzK1kHcdTcduXcdXHYXn,5a3fe88ad836490c1871f085,0.2552764441,0.2788377186,0.3557152468,0.0656948505,0.04447574
3FfvYsEGaIb52QPXhg4DcH,5a41bc418cc3d0d2d42a9b21,0.2035573801,0.1660111916,0.4087175542,0.1185162801,0.103197594
2wOqMjp9TyABvtHdOSOTUS,5a41923e8cc3d0d2d423fff3,0.2897207655,0.207302248,0.376215144,0.0643776391,0.0623842034
7wOA9cCGnWVftFgDYHlJ3d,5a3fcc23d836490c1870b5a1,0.235745475,0.2491170024,0.4011158537,0.0749695463,0.0390521226
5yzE49FicYiSxN61oaxkNn,5a3fecced836490c187227ea,0.2055887512,0.1843296281,0.3974693911,0.1103764796,0.10223575
7u5A0iJezviwan3g2BNQf8,5a4195e38cc3d0d2d4243019,0.2621883076,0.2866247033,0.3490012012,0.0618058964,0.0403798915
0mNtsUTeDK3Tnewy9tuD2b,5a3fb209d836490c186f6656,0.1955910803,0.1938072527,0.4153836596,0.1196034066,0.0756146008
480xKab3lUPhBBnCzlzqIu,5a41a4ca8cc3d0d2d424e6d9,0.2503251704,0.1531592123,0.3587941431,0.0626858545,0.1750356197
2LSJrlndCuTpdEluvYHc2E,5a4198d98cc3d0d2d42455ec,0.2311371001,0.1524147029,0.3795597205,0.0626628324,0.1742256441
7jzR5qj8vFnSu5JHaXgFEr,5a41ad468cc3d0d2d4267e3b,0.3000904736,0.1824669632,0.2850335504,0.0328453489,0.1995636639
6s1pCNXcbdtQJlsnM1hRIA,5a41afc88cc3d0d2d42766b6,0.2007080006,0.3261426356,0.1588957891,0.0134054785,0.3008480962
5eAWCfyUhZtHHtBdNk56l1,5a3fcbb7d836490c1870b17c,0.2668177823,0.2625737019,0.380290306,0.0569938571,0.0333243527
3yMtbN4jtLkilLiilLT7h0,5a3fbd02d836490c186feffa,0.1864555241,0.3656569181,0.0919786707,0.0078877203,0.3480211668
5wFXmYsg3KFJ8BDsQudJ4f,5a3fbaedd836490c186fd207,0.1958156885,0.3510887778,0.0994811319,0.0071071335,0.3465072682
6ktrGdxDCj0pHkoTQ9bzSG,5a4198218cc3d0d2d4244cb2,0.2597996805,0.2740490818,0.3593303565,0.0655970857,0.0412237955
6wH6iStAh4KIaWfuhf0NYM,5a3feb31d836490c187216dd,0.214503871,0.2960191335,0.2043219625,0.0180216909,0.2671333421
28j8lBWDdDSHSSt5oPlsX2,5a3fbd2bd836490c186ff1e4,0.315515549,0.1481381149,0.3338564866,0.0461153223,0.1563745271
0kbYTNQb4Pb1rPbbaF0pT4,5a3fb68fd836490c186f9bec,0.2871303101,0.2083257921,0.3809692395,0.063423281,0.0601513775
6dhqzgrbFggOBns03STnU3,5a3fb2cdd836490c186f6fae,0.2635663108,0.2646466748,0.3661880135,0.063619091,0.0419799099
3bOaXwSzOMYXFPU7ijebYK,5a41903a8cc3d0d2d423e680,0.3148942408,0.1747592487,0.2978820833,0.0396874953,0.1727769319
0Ya43ZKWHTKkAbkoJJkwIB,5a3fcb30d836490c1870abca,0.2393722806,0.2802760844,0.1728620174,0.0244200323,0.2830695855
7oPgCQqMMXEXrNau5vxYZP,5a418f7b8cc3d0d2d423dcad,0.2822509914,0.1346593295,0.3888080488,0.048640556,0.1456410742
4vqV8IpWyagD7V8RjMO63g,5a41bc968cc3d0d2d42a9e2e,0.244658105,0.172432558,0.352369046,0.0411339618,0.1894063292
4VMYDCV2IEDYJArk749S6m,5a419c348cc3d0d2d4248012,0.1725430281,0.3846124305,0.0685212422,0.0059579431,0.3683653561
4xFadP7L1YVwVSjDDfjKjM,5a419ab48cc3d0d2d4246e0d,0.3103871727,0.1958150744,0.3067528728,0.0416010593,0.1454438209
0zv0evXR10PUhTenDprOZO,5a4199b88cc3d0d2d4246144,0.2618028224,0.2760019591,0.3648545149,0.0614225811,0.0359181225
7LkWVc8qgKldq6Ja5WI784,5a3fe163d836490c1871a61b,0.2767328445,0.1484698477,0.3528623254,0.0413400269,0.1805949555
74HbzlSPjDifr7EmhZtuOQ,5a41aadc8cc3d0d2d4258c3e,0.3022250484,0.1531622801,0.3204182654,0.041346791,0.1828476151
5R3Hr2cnCCjt220Jmt2xLf,5a41b66d8cc3d0d2d429c570,0.2681574757,0.2551447555,0.2028780094,0.0232518575,0.2505679019
6LuN9FCkKOj5PcnpouEgny,5a419fb38cc3d0d2d424a85a,0.1698728828,0.3792913898,0.1104938167,0.0070467992,0.3332951115
4qXCADLD9pMWPUkOBCLQ9H,5a41b0a68cc3d0d2d427bcb3,0.2999555365,0.142694431,0.3413013217,0.0440292834,0.1720194275
7wi1x9DxLtqnhzJIQa7JQF,5a4193bb8cc3d0d2d4241293,0.2467564385,0.2350733079,0.398342017,0.0706932327,0.0491350039
4kJAoV5i0XPIAoGRN4bVJJ,5a4190ed8cc3d0d2d423ef53,0.2524647893,0.230987645,0.22953514,0.031438403,0.2555740227
0M6xcJTswOl2qvExCJhiS3,5a41b66d8cc3d0d2d429c537,0.3049529491,0.1324985004,0.3532811909,0.0490168926,0.160250467
0BzFtDQ64uQV9fjIu1XVom,5a41a7ad8cc3d0d2d42506fc,0.2719267562,0.2464908771,0.3818155363,0.061588173,0.0381786574
7z5WFjZAIYejWy0NI5lv4T,5a4191708cc3d0d2d423f5c3,0.2503658404,0.2832481495,0.363097857,0.0648902317,0.0383979214
0Um9Obps5KGnNcqAHfXdBv,5a41bdd48cc3d0d2d42aa90b,0.2806839455,0.1699115697,0.3838482414,0.0544363107,0.1111199326
4q3ewBCX7sLwd24euuV69X,5a4195898cc3d0d2d4242b59,0.2196317291,0.3163925651,0.1349172807,0.0128807088,0.3161777163
3gA1e0cQPKvNeM10wn9CT3,5a41bf038cc3d0d2d42ab35f,0.2056299857,0.2944644232,0.1757613799,0.0359969084,0.2881473028
656RXuyw7CE0dtjdPgjJV6,5a41a7538cc3d0d2d42502c5,0.2526761672,0.231716401,0.2281436987,0.0311485889,0.2563151442
12zbUHbPHL5DGuJtiUfsip,5a3fb6fed836490c186fa09c,0.2222548601,0.215970386,0.4136172998,0.0911377097,0.0570197445
4VMYDCV2IEDYJArk749S6m,5a41a34e8cc3d0d2d424d7e2,0.2681574757,0.2551447555,0.2028780094,0.0232518575,0.2505679019
5Nv6jv2vG94Yz0NHDYu46O,5a419a588cc3d0d2d424694e,0.1822302688,0.3753353358,0.0785681106,0.006554785,0.3573114998
73I7vbj7hzsw8rW4LUoxtz,5a41ac388cc3d0d2d4260e94,0.2280266929,0.2913066737,0.1877094935,0.0186200716,0.2743370682
0j7wLGDwHdUSPLkxCH3GBQ,5a419a468cc3d0d2d4246866,0.1383021666,0.4046328259,0.0858336614,0.0049710332,0.366260313
0liG9qD19eWrt5Ur4cnsYd,5a3fba19d836490c186fc6f7,0.3085499627,0.1650468362,0.2929374434,0.041340822,0.1921249357
6UeIDlkYcSRGg4aLX1d4TN,5a41ae458cc3d0d2d426d88e,0.1731322857,0.3732263124,0.1143287506,0.0080656864,0.3312469649
3wC39cIBlyNFSP8bO84FCJ,5a3fe789d836490c1871e623,0.2533893911,0.2640798546,0.3669700565,0.0671104146,0.0484502832
7slfeZO9LsJbWgpkIoXBUJ,5a419f138cc3d0d2d424a18a,0.2743304668,0.2258169657,0.253772138,0.0224780587,0.2236023707
4fv1OFJywZ7DHCz3mVQQ45,5a3fba21d836490c186fc741,0.2430346961,0.1324281211,0.4379222395,0.0745203796,0.1120945638
0kbYTNQb4Pb1rPbbaF0pT4,5a3fb847d836490c186fb07f,0.2646201375,0.2838293158,0.3461230086,0.0620814897,0.0433460485
6Ghvu1VvMGScGpOUJBAHNH,5a3fb450d836490c186f826f,0.2729150253,0.2511824872,0.3702592651,0.0620930473,0.0435501751
74Di00nVWc79jCE7LFXaqn,5a3fe238d836490c1871af97,0.3148918871,0.1527120417,0.3052024793,0.0443128862,0.1828807057
1lrRKgENSA3wSJ4VECfrC5,5a3fae65d836490c186f3527,0.2138314241,0.2321204216,0.2878660785,0.0350031381,0.2311789377
3MQuQtVNJG9SchM1l2CTm3,5a4191b48cc3d0d2d423f936,0.2788153765,0.2608046729,0.3686316831,0.0546322329,0.0371160346
5ihY290YPGc3aY2xTyx7Gy,5a41a5b78cc3d0d2d424f051,0.2997311824,0.2001311214,0.4042363944,0.0548569461,0.0410443556
6JOZsxwBJZm4bhcEy7gLIU,5a41b3f98cc3d0d2d428ebde,0.2806295701,0.2094552254,0.3892834523,0.0661635898,0.0544681625
2uFUBdaVGtyMqckSeCl0Qj,5a3fb092d836490c186f54c7,0.2782898148,0.2472061679,0.3555313935,0.0606717385,0.0583008853
4cDQO3NM8cURew5tdHkfrd,5a4194498cc3d0d2d4241994,0.2125659008,0.2978563785,0.2012863734,0.0158633823,0.2724279649
436sYg6CZhNefQJogaXeK0,5a419bfe8cc3d0d2d4247db0,0.2872816756,0.2545021462,0.3169340113,0.0553339554,0.0859482115
4WU7o63S7gxuTIw6WaRYR2,5a3fc0d4d836490c18702250,0.2009258919,0.1639427162,0.3904028908,0.1263439902,0.118384511
6xX1Zl1ebx9oUiIr8iK5HU,5a41acda8cc3d0d2d42651aa,0.285773687,0.1776571917,0.2989026006,0.0454605232,0.1922059975
1sEjFMcdtlET42rn7hJR0R,5a3fcbe1d836490c1870b31e,0.3288814903,0.1452369949,0.3262407528,0.0378925276,0.1617482345
4OxEbB5MV7rDnbYtWUL1UO,5a3fae56d836490c186f33fb,0.2092275628,0.2148922114,0.4201845754,0.0977068851,0.0579887653
1eyGtJBOiRGtvXAEhQHpBS,5a41a4dc8cc3d0d2d424e77b,0.2423423902,0.1366151878,0.3899720357,0.0727940285,0.1582763578
57xPD2CfuwxN6Ld7rf2iLG,5a41b7218cc3d0d2d42a070d,0.2933732371,0.1824252058,0.3261796348,0.0512797156,0.1467422067
4wLXwxDeWQ8mtUIRPxGiD6,5a3fc4add836490c18704ede,0.1935126913,0.1930973165,0.436466848,0.1129483935,0.0639747507
3i7IUsb5VsiJAKqX2Md9Fc,5a41af2e8cc3d0d2d4272b42,0.1952490234,0.3641502242,0.0926757531,0.0072716563,0.3406533429
3DrB9nBkn2tfhXxSsKAaor,5a3fed05d836490c18722a4c,0.1712180102,0.3866343206,0.0855434093,0.0064679336,0.3501363263
6Ghvu1VvMGScGpOUJBAHNH,5a3fb46bd836490c186f8392,0.1796389229,0.3635030786,0.119471277,0.0105766156,0.3268101059
5hW4L92KnC6dX9t7tYM4Ve,5a3fe6a0d836490c1871dcd5,0.2244447281,0.1965356943,0.4342619005,0.088130175,0.0566275021
6rUmQMuxX83ChKgdzd0hza,5a3fd9fbd836490c1871503e,0.1740039721,0.3765720158,0.0910304141,0.0075044988,0.3508890992
1r4hJ1h58CWwUQe3MxPuau,5a4196608cc3d0d2d424366d,0.301879504,0.14503031,0.3375446006,0.0442988209,0.1712467646
0rQ0WMIrOt6MzfiGaNWh3D,5a41b5ce8cc3d0d2d4298dd6,0.2583732055,0.2756972071,0.3389198402,0.0691630051,0.0578467422
5WdqBAQhGFCrZvBKXiPIu7,5a419ec08cc3d0d2d4249da5,0.1857719413,0.3676710347,0.0835600993,0.0078362751,0.3551606495
51RfVK8q11xKW7bi7bcMpJ,5a3fe7dfd836490c1871e9ae,0.285123004,0.2537840551,0.355319379,0.0598801268,0.0458934351
0dU2EKM6vca3xmJ9kl8zoI,5a41aaaf8cc3d0d2d4257c49,0.1527480262,0.3976014537,0.0740090561,0.0055167756,0.3701246883
3RNrq3jvMZxD9ZyoOZbQOD,5a3fcac4d836490c1870a73b,0.232419287,0.3040714861,0.1575573798,0.0162807046,0.2896711425
6EeFmtX81QG7WZvD1vmUe2,5a41a0408cc3d0d2d424aeaf,0.2372791596,0.2592934644,0.3845887819,0.0749155098,0.0439230843
2O6S01fSY6YHfZT6qLAgxG,5a41afb18cc3d0d2d4275dd4,0.201315155,0.3461917732,0.1149874372,0.0105614485,0.3269441861
6fuALtryzj4cq7vkglKLxq,5a3fc5c9d836490c18705de4,0.2670076161,0.2426097162,0.3833153814,0.0614194168,0.0456478694
7253m10ftQppP9mrXhBGlY,5a3fcfd3d836490c1870d7a5,0.2550103166,0.1756790216,0.3321181092,0.0445753769,0.1926171757
4I47QTluHCo2t2Gj6V7AIG,5a418f7e8cc3d0d2d423dcda,0.2516789322,0.2705812714,0.3662315838,0.0675383159,0.0439698967
0ebni9QrrWMvEgH40nOWZQ,5a41a1868cc3d0d2d424bd30,0.2516192837,0.2936271748,0.3495989748,0.0649125295,0.0402420372
0kbYTNQb4Pb1rPbbaF0pT4,5a3fb741d836490c186fa3e9,0.2531099717,0.2892355043,0.3613550586,0.0583692345,0.0379302309
4MT9A89Dq8xRJ9hMvvPiJw,5a3fbc08d836490c186fe0b5,0.2814144976,0.2603150961,0.3530421202,0.0591845812,0.046043705
360IAlyVv4PCEVjgyMZrxK,5a3fcd0cd836490c1870be49,0.2774488324,0.2183003799,0.2609697729,0.0234893792,0.2197916355
15kzFPO1n6iK1GqFaTDDBo,5a419e818cc3d0d2d4249a8e,0.2523010362,0.2206804331,0.3759144868,0.0690674099,0.082036634
6LqNN22kT3074XbTVUrhzX,5a41bc328cc3d0d2d42a9aaa,0.2237828031,0.2826227361,0.2135097822,0.0213686775,0.2587160011
7IsewvvrlJXKsZOcbDBE7m,5a3fddb0d836490c18717b07,0.2896034473,0.1518971566,0.3336851757,0.0471285347,0.1776856856
5Ul7YrRYtvl8da6i7Ziakt,5a41987d8cc3d0d2d424515c,0.2610634564,0.240924158,0.2172611638,0.0317454723,0.2490057495
7rj5B6cNPEJhWLnZAPSw9c,5a41a5e48cc3d0d2d424f247,0.2230902569,0.3243288238,0.1283594572,0.0102699067,0.3139515554
2OLcpv4yIEoLqWvEu2EU5m,5a3fc5ebd836490c18706091,0.2274631814,0.2664458795,0.2136455078,0.0307539201,0.2616915112
1LA9Zn3bgZCPA1VJVEvDa0,5a41a65e8cc3d0d2d424f750,0.1535894488,0.3877700046,0.0926603935,0.0071700658,0.3588100874
3dRfiJ2650SZu6GbydcHNb,5a3faf57d836490c186f4209,0.2855187981,0.2235536438,0.2283834453,0.0271631645,0.2353809483
2mV8aJphiSHYJf43DxL7Gt,5a41a2a68cc3d0d2d424cf57,0.1598446119,0.3877606421,0.094964284,0.0061997364,0.3512307255
4zIdvYkZu1X4EGQJzptHyN,5a4193888cc3d0d2d4241017,0.1972776748,0.3577236438,0.1002706268,0.0057216815,0.3390063731
0kEfub5RzlZOB2zGomqVSU,5a41a73f8cc3d0d2d4250194,0.2597903857,0.2470606825,0.21982869,0.0233213754,0.2499988664
42vg2T0Xg9yPaAgogJzoQH,5a3fbb1fd836490c186fd49c,0.2216177566,0.3022412005,0.1690549755,0.0190318167,0.2880542507
656RXuyw7CE0dtjdPgjJV6,5a4190e28cc3d0d2d423eeca,0.1435291988,0.3957642951,0.0936013105,0.0051368431,0.3619683525
21TfwfkOQkI8h5I7CJzCNf,5a4198798cc3d0d2d4245104,0.2546068695,0.2543467573,0.2057068201,0.0222014002,0.263138153
4OKiVSsDSnHqPnxQAwUE8G,5a3fb4bfd836490c186f87e5,0.2076332682,0.3292545301,0.1150948462,0.0161326352,0.3318847204
6e8ISIsI7UQZPyEorefAhK,5a3fdff5d836490c1871955f,0.200270821,0.3293111558,0.1508507231,0.0135918939,0.3059754062
2VnNIlyX9iVtx1FYavvm90,5a3fe4ccd836490c1871ca6d,0.2144723112,0.2798609266,0.2179072486,0.0223734887,0.2653860249
7xRdCnm7IiS0M1FUS15ZfO,5a41a7ff8cc3d0d2d4250a59,0.2679375386,0.1372372706,0.3621545182,0.0593895762,0.1732810964
4kHmDsdkNtozdWczddBbTf,5a41afa08cc3d0d2d4275759,0.2358991584,0.1950759874,0.3090288222,0.0481842096,0.2118118224
4Z8W4fKeB5YxbusRsdQVPb,5a3fc177d836490c18702b13,0.227794409,0.2195494153,0.3805586198,0.0915576222,0.0805399337
0zSbNvakUiCGzlvMl7ncaN,5a3fea2cd836490c18720bb1,0.204870597,0.3017608037,0.1828272484,0.0257947702,0.2847465805
7ie36YytMoKtPiL7tUvmoE,5a4196688cc3d0d2d42436e4,0.2996973503,0.1546724212,0.315947585,0.0462357949,0.1834468487
1vsrQEpLq1U4jxBvZPThBI,5a419d198cc3d0d2d4248a43,0.24020159,0.1570364308,0.407110581,0.0781191556,0.1175322425
12SPNXi0aDpFt0rMVbmLrr,5a3fb398d836490c186f79b6,0.2332160612,0.1586801384,0.4344911613,0.0899231706,0.0836894685
7b1EPAPT0r2pf6Qxp7A8DU,5a3fb210d836490c186f66ab,0.2480936245,0.1253649661,0.4203713088,0.0689924434,0.1371776572
02YLJJnWC7YQVixkjEBRn7,5a4194578cc3d0d2d4241aae,0.2562365212,0.1406066624,0.3652395311,0.0665280454,0.1713892399
3PSH5PsWfZQiD2wieKU0ss,5a3fea0ed836490c18720a57,0.2480574288,0.130876292,0.3950338262,0.0653023087,0.1607301443
6wrBDBGZ6BodhkMfsFWcNH,5a41ac528cc3d0d2d42618d4,0.2381483123,0.2600256405,0.2309825859,0.0240050188,0.2468384425
0Uj2hge2fxypJ7f4ik6lpr,5a3fd675d836490c18711c0c,0.2701067759,0.2620290344,0.19009649,0.0215268297,0.25624087
0nJUwPwC9Ti4vvuJ0q3MfT,5a419b878cc3d0d2d4247808,0.2703501433,0.1232037584,0.38766524,0.0563856959,0.1623951624
69Fk1s1lzINOKqoSWjjEiE,5a41ae028cc3d0d2d426c44d,0.2951797045,0.2142050553,0.3346468151,0.0511491537,0.1048192715
3gkLqGRDA19txXCSKXq6Gx,5a3fb8c1d836490c186fb620,0.152124781,0.3992646824,0.0940583061,0.0056091066,0.348943124
7y97mc3bZRFXzT2szRM4L4,5a4192cc8cc3d0d2d4240694,0.2657106787,0.1733708921,0.3251378289,0.0350191145,0.200761486
3e7awlrlDSwF3iM0WBjGMp,5a3fc278d836490c18703724,0.2807080688,0.1506170729,0.3414403457,0.0427910356,0.1844434771
4s9NK8oBZvGFo7n4GNtFGx,5a41a5338cc3d0d2d424eb2b,0.2712888719,0.2459533475,0.3531599678,0.0642749758,0.0653228371
7aUSp5cOZlwEtd5zPC795k,5a41a9f68cc3d0d2d4253ade,0.1488765737,0.3952602166,0.0917568879,0.006478479,0.3576278429
6fenwnC12GiSNfN2Aar8Aj,5a4198ac8cc3d0d2d42453b8,0.1606757217,0.3849267599,0.0931444982,0.0072598806,0.3539931396
2OkyMqAoaxpBa9QUrJdlOL,5a41bd898cc3d0d2d42aa690,0.128273044,0.4208170817,0.0890649901,0.0047456528,0.3570992314
43JlwunhXm1oqdKyOa2Z9Y,5a41a58c8cc3d0d2d424ee9f,0.2125944291,0.3311304416,0.1210918193,0.0143266285,0.3208566815
7rgCh0Go1ezmcV75kXQM2T,5a4193918cc3d0d2d42410a3,0.2360323968,0.2571432994,0.3849868847,0.0780642392,0.04377318
0CqUWmuisajRaQpQjV6Ivp,5a41a5068cc3d0d2d424e93f,0.2728044475,0.1324964177,0.3753227909,0.0539396158,0.165436728
0WI8OfWCRvK4nGHmKfFQmd,5a419cd58cc3d0d2d424875e,0.1921260714,0.3678899097,0.0708004064,0.0034052244,0.3657783881
1tcgfoMTT1szjUeaikxRjA,5a3fb957d836490c186fbd2a,0.2139927617,0.2398956456,0.3970639158,0.0963671661,0.0526805108
6BrvowZBreEkXzJQMpL174,5a41be3f8cc3d0d2d42aacce,0.1709630275,0.3882938533,0.0676630897,0.0047702447,0.3683097847
25Ml61MmcKgdK1Ma4GQ86d,5a41a8b88cc3d0d2d42512be,0.171827027,0.3802213702,0.0676574223,0.0063909473,0.3739032331
53Wk6hhoFwz3REXaZ2XW2a,5a3fca0fd836490c18709f73,0.2284694429,0.2928922928,0.194878728,0.0174406014,0.2663189349
1r4hJ1h58CWwUQe3MxPuau,5a4195a08cc3d0d2d4242c62,0.2820069687,0.1300205659,0.3655402365,0.0529290917,0.1695031372
0eyLcZwpHhgnD4asaO2zgd,5a3fcda2d836490c1870c358,0.2439778543,0.1761209412,0.325152447,0.0722071706,0.182541587
6N1GBr0koYYU0W59ECgg5u,5a3fbf65d836490c18700ef0,0.2059013943,0.2836953137,0.2215933666,0.0271986398,0.2616112856
1UTPBmNbXNTittyMJrNkvw,5a4191a88cc3d0d2d423f864,0.2171499793,0.2394672094,0.2694555634,0.0333639502,0.2405632977
47ZwWwHo8DKHvZUcwq1fR4,5a4192888cc3d0d2d424037b,0.2044143179,0.3283613772,0.1539312855,0.0121421809,0.3011508385
10Sk8d2pdmvQ7JMZcPQDOU,5a4190c68cc3d0d2d423eda5,0.2387639889,0.1510997633,0.4200908546,0.0721056624,0.1179397308
32vWCbZh0xZ4o9gkz4PsEU,5a4197458cc3d0d2d42441d4,0.2495283418,0.13031329,0.394203921,0.0653723176,0.1605821296
707cWNopjkR2CS6IEbwIQ9,5a41a0488cc3d0d2d424af17,0.2507830746,0.2576179489,0.1962940047,0.0367710064,0.2585339654
7IqwNdpG9USkkEH36pkKEB,5a41b23f8cc3d0d2d4284b49,0.28260413,0.165582188,0.3179224789,0.0427804637,0.1911107395
1IC32zAAG7hcdf8PGjjDNm,5a3fc4d8d836490c187050b9,0.2273995171,0.1851522168,0.3976042025,0.0870377662,0.1028062974
0cncMmardvNmaTb9Jnq8w7,5a41b7e68cc3d0d2d42a4fc0,0.170769872,0.3775728008,0.0776512514,0.0066297305,0.3673763453
6Tz0QRoe083BcOo2YbG9lV,5a419d428cc3d0d2d4248c14,0.2163981116,0.1805668072,0.3429630094,0.0663638318,0.19370824
1yLIaxyVkZnLMXhfRSYEjV,5a4190d78cc3d0d2d423ee72,0.2129181882,0.14800739,0.3925170536,0.1085799523,0.1379774159
2u0CzUCFU8OEoIFORUq6wJ,5a3feb61d836490c18721909,0.3041184498,0.1633995977,0.3277532628,0.0512429931,0.1534856965
5NFB7dL4b4ZtcMAk2wCOoi,5a419c918cc3d0d2d424845b,0.2180415762,0.3073344991,0.1726551918,0.0169003306,0.2850684023
1hzfo8twXdOegF3xireCYs,5a3fb9edd836490c186fc467,0.1932004866,0.3563723024,0.1105727706,0.0133664047,0.3264880357
4MXUO7sVCaFgFjoTI5ox5c,5a3fc1d9d836490c1870303e,0.1460561097,0.3973099521,0.0893237515,0.0035935109,0.3637166757
3Ur3LGnua9U6SPaIxBQRHx,5a3fb3bbd836490c186f7b43,0.2696460047,0.2277129843,0.2542744956,0.0236355508,0.2247309646
2wOqMjp9TyABvtHdOSOTUS,5a41936f8cc3d0d2d4240ed3,0.203318612,0.1942245198,0.3954938725,0.1175317139,0.0894312818
3YcBF2ttyueytpXtEzn1Za,5a3fd53cd836490c18710e98,0.2375872121,0.2091361603,0.2940281547,0.0414531812,0.2177952918
6RsX7qYw5KVKiOjS8BxjL5,5a4193a38cc3d0d2d424119b,0.2703507621,0.2094935812,0.2675299322,0.0368631892,0.2157625354
7EUAjyQlDwLUeWAG1JoyG5,5a41ba378cc3d0d2d42a885c,0.3270219306,0.1460804208,0.3256039206,0.0308512694,0.1704424587
4NJhFmfw43RLBLjQvxDuRS,5a41a4778cc3d0d2d424e392,0.2387450961,0.2658026365,0.216434562,0.0209342493,0.2580834561
35C0NSLogAwImm8HAMqEmG,5a3fe413d836490c1871c2b7,0.2105950553,0.2756748247,0.1984087952,0.0399988512,0.2753224736
0jNDKefhfSbLR9sFvcPLHo,5a41b7268cc3d0d2d42a090b,0.2975822919,0.1893803996,0.3501895679,0.0541674305,0.1086803102
43ZHCT0cAZBISjO8DG9PnE,5a3fe3c8d836490c1871bf3d,0.205983318,0.2906011305,0.2132739569,0.0157600784,0.2743815161
6ldZGvFDjs6KafLouTBHJ9,5a419b958cc3d0d2d42478bf,0.2905056378,0.2052389239,0.3600690909,0.0613611483,0.0828251991
3r6uJM01I6meTehVwh0q2b,5a41b0138cc3d0d2d4278426,0.1940169423,0.2813336095,0.2287124853,0.0376717293,0.2582652335
7GR9uKdKLN9kzLkoq16gW8,5a4197138cc3d0d2d4243f7f,0.221746926,0.2966893575,0.192149687,0.0178503256,0.271563704
6EuVxyAGrWCKJtj5pRSHaw,5a3fe97bd836490c18720044,0.2092530635,0.2533903007,0.4066150781,0.0900185554,0.0407230024
1zNqDE7qDGCsyzJwohVaoX,5a41ab9b8cc3d0d2d425d262,0.2291131432,0.1837744557,0.3369000728,0.0585576201,0.1916547082
36AJmodiIrwV9U3QOiLMYM,5a3fc4ead836490c187051aa,0.2499489343,0.1635389494,0.3796046313,0.0625972057,0.1443102793
0Kekt6CKSo0m5mivKcoH51,5a4193568cc3d0d2d4240d9f,0.2031870922,0.1841443847,0.3928122386,0.1201824201,0.0996738644
6fTEkjuuZ3hH6fdeBxxbA2,5a41b79e8cc3d0d2d42a3568,0.2363133268,0.1626926381,0.3518460527,0.0591912147,0.1899567676
5HenzRvMtSrgtvU16XAoby,5a41b6ef8cc3d0d2d429f48a,0.2168135369,0.2157740233,0.3044085791,0.0499782279,0.2130256328
2r09Inibex3C4ZNTUVSG3m,5a3fcd95d836490c1870c2e9,0.2135521073,0.2272041085,0.3916020725,0.099307603,0.0683341088
1AaHt93G0EIiO4Bl4gaEC1,5a3fdef3d836490c18718a42,0.2635923353,0.1903141631,0.2980496775,0.0409243178,0.2071195063
4fgXfJCQnK6c44u4KzAtQP,5a3fb6c5d836490c186f9e13,0.194429641,0.3509833668,0.1215475783,0.0069561675,0.3260832464
2fakAnN7SKifVjolRKx9pR,5a41ad6b8cc3d0d2d4268c4d,0.2278500453,0.3079897815,0.1552219677,0.0165188509,0.2924193547
0SfsnGyD8FpIN4U4WCkBZ5,5a41bef68cc3d0d2d42ab2f5,0.2275630228,0.2425159311,0.2565561519,0.030090822,0.2432740722
24DO0PijjITGIEWsO8XaPs,5a3fb7dfd836490c186fab9e,0.2303557937,0.1827416797,0.3242821048,0.0627889329,0.1998314889
7vX3cMVyW8gtDA4y855ynF,5a419ab38cc3d0d2d4246df3,0.2351398298,0.2936382829,0.1852075889,0.0111804433,0.2748338551
3fV5kUgVNIf2EvxVYo9QlU,5a3fcb05d836490c1870aa0b,0.167724265,0.3724794136,0.0756659738,0.0035451064,0.3805852412
7hmllXAJwdVSMFsCsnmzm0,5a41bf048cc3d0d2d42ab375,0.2051706984,0.3064382969,0.1846969526,0.017949258,0.2857447941
0kbYTNQb4Pb1rPbbaF0pT4,5a3fb630d836490c186f981a,0.2077197941,0.3111500241,0.1902700077,0.0148006663,0.2760595077
6nXSnNEdLuKTzAQozRtqiI,5a419b6b8cc3d0d2d42476cc,0.2459634597,0.1480684246,0.3827907488,0.0485903567,0.1745870102
4AbbeRo7y2r9qnXXOwMArE,5a41b2f08cc3d0d2d4288a6d,0.2508577146,0.2010865298,0.2891367554,0.0356190669,0.2232999333
3VkdiA1x4W2ISeJPWHswtQ,5a41902a8cc3d0d2d423e594,0.3018765453,0.1419512467,0.3354682788,0.0449147573,0.1757891719
01aC2ikO4Xgb2LUpf9JfKp,5a4191af8cc3d0d2d423f8e5,0.2027519747,0.351112938,0.1007311111,0.0070012105,0.3384027656
4Nyl11mo7720s5gSGyQocj,5a419ec58cc3d0d2d4249ddc,0.1267155265,0.426568231,0.0776701047,0.0045729341,0.3644732038
1fAFVmxFjwB872XsEUomIK,5a3fccead836490c1870bd2d,0.2980011911,0.1822480974,0.2815322791,0.0352386955,0.2029797369
7t8q7ikEtcPNtoaKAm9Vu6,5a3fadbad836490c186f2b6c,0.2014263277,0.1907976615,0.4583837939,0.0899865075,0.0594057095
3Z5fRknMBBNfCw6pkgR9S8,5a4195fb8cc3d0d2d4243181,0.2247149097,0.2823270535,0.3858464561,0.0732518621,0.0338597186
74Hj7BmnUXyx2udrIEIKwX,5a3fd5cdd836490c18711471,0.2810984035,0.118971482,0.3875971873,0.056524074,0.1558088531
4WUIuHPK2iKZ3IMgadzm0K,5a3fbbb0d836490c186fdc4f,0.2668466024,0.2120621279,0.2744827443,0.0316875418,0.2149209835
0yW0kiRsK5MYhgICpQhbaG,5a3fba6fd836490c186fcb8f,0.2370386317,0.155816214,0.3710310889,0.0587469355,0.1773671299
4hxDvVq5t8ebPYPdBl1F9f,5a3fb489d836490c186f852d,0.1899504905,0.2451780793,0.4235087689,0.0990250619,0.0423375994
2XLDoRIbLGPDqTXeTrVIbo,5a3fde51d836490c18718297,0.2883927195,0.2019494186,0.2579094655,0.0352604458,0.2164879506
0hDjKSKjl1DC7ovYTDJHe8,5a41b93f8cc3d0d2d42a7f31,0.2227270171,0.1792787555,0.3411284204,0.0618846047,0.1949812024
3REVD4IKt3lmdKJ3j9HTzz,5a3fd48fd836490c18710796,0.2672109684,0.2531785651,0.3722324934,0.062489464,0.044888509
2p2SZoUTvT4dbL2xXXJXwy,5a41be6d8cc3d0d2d42aae4c,0.2721207096,0.1739767674,0.3422398183,0.0585445427,0.1531181621
3MKCzCnpzw3TjUYs2v7vDA,5a4199748cc3d0d2d4245dec,0.3083235877,0.1943160513,0.3105071445,0.0416334908,0.1452197256
0q9kpdDkEA3H17gcRMjgVS,5a418fba8cc3d0d2d423dfda,0.2158873216,0.2691506923,0.2274004006,0.0247552314,0.2628063541
1h0hOL3bVcYlg4xcSjU7fP,5a3fc47fd836490c18704c79,0.2310401932,0.2909248739,0.1555117201,0.0160101992,0.3065130136
1IaccfV9FzIR8Iax4cZ5Fn,5a3fcaacd836490c1870a634,0.2462442091,0.238659783,0.3810562308,0.0758051008,0.0582346763
05BX9gTvlalkzuFVg3CqyL,5a41a5038cc3d0d2d424e912,0.270525968,0.2205350266,0.2398550574,0.0346778556,0.2344060923
41ZhnBiaqeoe6asIzVDvqP,5a3fe143d836490c1871a4a3,0.257028986,0.1542049298,0.3566331597,0.0495018113,0.1826311132
0oea1hwGMfUxZbLxJc1XUN,5a3febb2d836490c18721c1a,0.2592230398,0.1755773482,0.3927613313,0.0728615911,0.0995766897
45p40vusZYCwMWQ5FrUXDJ,5a3fc4f4d836490c18705221,0.2359132314,0.1814456312,0.33898831,0.0464533572,0.1971994703
1PsB5MlTLwu3fmb0QsDH9G,5a3fe2c7d836490c1871b542,0.2478899602,0.1442272277,0.3857382076,0.0826981761,0.1394464283
7LWakXb7xtbVwvHzeBotU1,5a41a52b8cc3d0d2d424eacb,0.200570611,0.1680919619,0.4078921253,0.1176585803,0.1057867215
4Js9eYwAf9rypNtV8pNSw9,5a41b9f78cc3d0d2d42a863b,0.2241126501,0.2997032704,0.1969125103,0.0080687347,0.2712028345
6FbDoZnMBTdhhhLuJBOOqP,5a3fce7bd836490c1870ca85,0.2860291697,0.2736739766,0.3385293574,0.0557315322,0.046035964
1GtGar1diZ2lTQNjQCLVxt,5a419bc58cc3d0d2d4247aee,0.18888155,0.3667706588,0.089516993,0.0077757238,0.3470550745
2urZrEdsq72kx0UzfYN8Yv,5a41ad128cc3d0d2d4266911,0.1636514935,0.3935961198,0.0758706338,0.0053564443,0.3615253085
6e9wIFWhBPHLE9bXK8gtBI,5a4194ab8cc3d0d2d4242077,0.3041426622,0.1630407189,0.3062677956,0.0422975326,0.1842512906
6DQLkRykAsF6paJnlIMX4H,5a3fe15cd836490c1871a5e0,0.2605943596,0.1464455797,0.370941021,0.0469272797,0.1750917599
4qXCADLD9pMWPUkOBCLQ9H,5a41b0e38cc3d0d2d427d3d5,0.2175301265,0.3099781899,0.1805810945,0.0115103029,0.2804002863
0kM18IEgG0cwxgfJRj7xFF,5a3fd4fbd836490c18710c07,0.2823382058,0.2209155098,0.2642883635,0.0202152282,0.2122426927
3OITAuZNhf2Z9DySHJsCKD,5a3fde4dd836490c18718269,0.2366644295,0.2566087519,0.216624798,0.0332898407,0.25681218
4Y2OXwc53GsYa1MT3R17bR,5a4193f08cc3d0d2d4241557,0.2062705161,0.340025027,0.1229338745,0.0123493911,0.3184211913
13jRo2FyagCX9wrKIpOt46,5a3fd42dd836490c187103fa,0.2335563582,0.1824841788,0.3364644181,0.0480584561,0.1994365888
06ZJnihZcaNruiWz4KWbRx,5a418fad8cc3d0d2d423df04,0.2814991093,0.2075861481,0.4111302194,0.0603406713,0.0394438519
7IsewvvrlJXKsZOcbDBE7m,5a3fdddcd836490c18717d45,0.2725716075,0.1588025782,0.3773649684,0.0549101095,0.1363507364
32bF8EkwKNXBZyEo371paF,5a3fed95d836490c18723031,0.2488504685,0.213623129,0.2707601125,0.0432959594,0.2234703305
521qvhdobR0GzhvU6TFw76,5a41ac378cc3d0d2d4260e35,0.2509023697,0.2367405131,0.3879871826,0.070127879,0.0542420556
0q31MBlCXGIFG6gl11Yn0t,5a41b95b8cc3d0d2d42a8016,0.2830384596,0.2058416031,0.3425028824,0.056285577,0.1123314778
7ie36YytMoKtPiL7tUvmoE,5a41a8928cc3d0d2d42510b7,0.2486367201,0.1470255123,0.4126480479,0.0785572225,0.1131324971
5OH6mZ9jAWB8UnC1447H1j,5a3fc12bd836490c187026bc,0.2280330278,0.172727741,0.4271171262,0.0702480285,0.1018740765
5IL5awl9gUcb2ez9IgmW26,5a4197f18cc3d0d2d4244a62,0.3076665447,0.2054800709,0.3533052656,0.0489755006,0.0845726182
5fEJgEoCeUguxsRLHD7hQ2,5a41c0518cc3d0d2d42abf36,0.1928585862,0.366338839,0.1022248471,0.0058553924,0.3327223353
5KDIH2gF0VpelTqyQS7udb,5a3fd6bdd836490c18712064,0.2613731197,0.2529644623,0.3546974002,0.0665254541,0.0644395637
0k17h0D3J5VfsdmQ1iZtE9,5a3fb476d836490c186f8458,0.2339926432,0.1464534754,0.3761291858,0.072498815,0.1709258805
6QrRSfwkZsixVIgDRhpToh,5a3fe43ed836490c1871c447,0.2584619796,0.1302673922,0.4179994445,0.0522656535,0.1410055303
0CUpzKPDfIVzYqMn47jiV3,5a3fdbb1d836490c1871646e,0.2324581026,0.1949187585,0.3114704119,0.0477572279,0.2133954991
1a1j1sBvXGo6VeDgLbfh0A,5a3fbec8d836490c18700657,0.2658162389,0.2512188845,0.3517933038,0.0644043431,0.0667672297
5dHt1vcEm9qb8fCyLcB3HL,5a41a03e8cc3d0d2d424ae9e,0.238504654,0.2859315107,0.1817240474,0.0199890328,0.273850755
1zHPRenzLeI2vhT7nlR6Mq,5a41a2678cc3d0d2d424ccc1,0.1989465665,0.2226823428,0.3053327381,0.0594438228,0.2135945298
1XgFuvRd7r5g0h844A5ZUQ,5a3fc2aed836490c18703963,0.2239034198,0.1845088238,0.3341717899,0.057144673,0.2002712935
30q5mqJmdYPaKabPMytzvv,5a41a9ac8cc3d0d2d4252bcf,0.1722373324,0.364273106,0.1093736424,0.0085345281,0.345581391
5jX8L7D6vWHYlNj9k361vI,5a41b7208cc3d0d2d42a06dc,0.2477719216,0.2249768169,0.2635160422,0.0268426166,0.2368926027
0rbQ6RnCd7jkHUr9zof16V,5a41993f8cc3d0d2d4245b51,0.2719692907,0.2187028752,0.2476432394,0.0311818254,0.2305027692
3Qs1EAnyqWLaNqk0wHS63M,5a4196278cc3d0d2d424339e,0.2129477463,0.3313644866,0.1181860005,0.0109168958,0.3265848709
2KNnryBXenJY1qfFA1N19F,5a3fd29ed836490c1870f3a7,0.1917765334,0.305448387,0.2000281308,0.0273808899,0.2753660589
6kbzJ40luXJ5IKnSpWr7SD,5a4191378cc3d0d2d423f349,0.1658777789,0.3955956177,0.060077021,0.0037287592,0.3747208232
14r9dR01KeBLFfylVSKCZQ,5a41b8468cc3d0d2d42a711f,0.2390300609,0.2246264059,0.2655864894,0.0380000223,0.2327570215
0RiWEfpU24poiw0KkMKDOX,5a41a4dd8cc3d0d2d424e795,0.1747349484,0.3882041247,0.07434895,0.0045457642,0.3581662126
10Sk8d2pdmvQ7JMZcPQDOU,5a4193558cc3d0d2d4240d77,0.23368988,0.2541707439,0.2358919957,0.0274507942,0.2487965862
7aHv2HgCuDTe3VU99UWkLm,5a3fd866d836490c18713602,0.1791831605,0.3632975122,0.1122575753,0.0103196732,0.3349420788
3Q9WLyqkHw04V6DDtvPWwH,5a4199728cc3d0d2d4245dc5,0.2314710922,0.2658557416,0.2197346136,0.0289062555,0.2540322972
7FtCyCJCJaxabYO7Uyda5B,5a418f2b8cc3d0d2d423d79d,0.2794075105,0.2294601386,0.3936243572,0.0587339774,0.0387740163
2FXC3k01G6Gw61bmprjgqS,5a41940a8cc3d0d2d4241680,0.3111523296,0.1711900317,0.3273445448,0.0467904156,0.1435226782
52WeHNPIzQSxlbfgTzfqtv,5a3fc1bad836490c18702ed6,0.2252150572,0.1579532615,0.3712447716,0.0715162241,0.1740706856
7xaDRbKDpOyZnL91F1ki3E,5a3fd465d836490c18710618,0.2912436988,0.1385860866,0.3533861155,0.0480986121,0.168685487
6dZAVi5PugDwlAnH8KMEGl,5a41a4278cc3d0d2d424e093,0.2442786119,0.2519332501,0.2285587107,0.0275160209,0.2477134065
521qvhdobR0GzhvU6TFw76,5a41ad1c8cc3d0d2d4266d23,0.2415389365,0.1986368602,0.3034726138,0.0432703718,0.2130812177
3fMbdgg4jU18AjLCKBhRSm,5a3fbdead836490c186ffc07,0.291698429,0.1807165193,0.3550149983,0.0482467111,0.1243233423
3EiLUeyEcA6fbRPSHkG5kb,5a41959a8cc3d0d2d4242c22,0.1911224856,0.350359724,0.1220756015,0.0089609354,0.3274812535
41dLItQx3PSyP6n1AMd87b,5a419d928cc3d0d2d4248fa8,0.2418618179,0.2766077304,0.3780274018,0.0683683662,0.0351346838
3LsiTMFzDQkqnxGKm6Ufik,5a3fcefcd836490c1870cf18,0.252082324,0.2267194377,0.2628456158,0.0235909733,0.2347616492
1wPvrQKu6dJBeLimAntEuH,5a41b6d38cc3d0d2d429ea77,0.1839557978,0.3519443738,0.1453216892,0.0096896826,0.3090884566
6HOBJhMPSZxZEsfTcSPD0m,5a41bd128cc3d0d2d42aa271,0.2827312138,0.1347454642,0.3791576764,0.0588346421,0.1445310035
0Y0Kj7BOR5DM0UevuY7IvO,5a3fe016d836490c1871967c,0.2339113062,0.2268380037,0.4151767153,0.0770790707,0.0469949041
5VU6y4gxGiF3Es895F7Ee5,5a418fb08cc3d0d2d423df12,0.2616204134,0.1990693736,0.3856441316,0.0716221786,0.0820439028
5DlVR9AUTrBgXWN4wiy5aL,5a41a4848cc3d0d2d424e40e,0.2345614081,0.290760863,0.1677118244,0.0191211787,0.2878447258
4OFuKxuZg7eKcAj9Bg5off,5a41a6b98cc3d0d2d424fb3a,0.267179813,0.1543672028,0.3475481805,0.0472007932,0.1837040105
0uoaqsdWJ2Mbm9g0hjjZns,5a3fb79ed836490c186fa88d,0.1429036249,0.3982290984,0.1019527793,0.0063873219,0.3505271755
6wH6iStAh4KIaWfuhf0NYM,5a3feb4ad836490c187217d7,0.2798932202,0.1362769029,0.365352715,0.0585446823,0.1599324796
0m96vugOc3vgbpDEUihRek,5a3fc7ddd836490c18707aba,0.2424837172,0.2805577509,0.1807516204,0.020926485,0.2752804266
5lNFFTrei6gu1TZr6IXw7z,5a3fc4bcd836490c18704fb7,0.2277677541,0.3086937064,0.1423667156,0.0133034962,0.3078683277
6fzamMxy9tllymxpC13RM6,5a41a2c68cc3d0d2d424d0d9,0.2527696436,0.1849747154,0.3079655239,0.0475261636,0.2067639535
2TM0qnbJH4QPhGMCdPt7fH,5a41b5788cc3d0d2d429722c,0.206868868,0.2058747947,0.322740922,0.058785366,0.2057300493
09hVIj6vWgoCDtT03h8ZCa,5a3fb0e9d836490c186f58be,0.2592711973,0.1323069536,0.3800549565,0.061540248,0.1668266445
1UmLUPNgy8HS6oI05zdGjD,5a41ab998cc3d0d2d425d18a,0.2076211363,0.3354111602,0.1202060482,0.0094470717,0.3273145836
0t4oHObO3FImWvIhMimaSL,5a3fe6d1d836490c1871dee5,0.243146998,0.2661302033,0.212625125,0.0189936805,0.2591039931
3ZppcUE7tHnE6SzUR4ipSy,5a3fec5bd836490c187222fc,0.2329447526,0.2310916642,0.2783202914,0.0284404082,0.2292028836
3D6cosC5ZOLCpRxt6T3XS7,5a41b7388cc3d0d2d42a0fba,0.2719084797,0.1403154179,0.3580374842,0.0557130673,0.1740255509
1yLIaxyVkZnLMXhfRSYEjV,5a41939f8cc3d0d2d4241163,0.1970447213,0.3168502794,0.1790765926,0.0169445316,0.2900838751
0jypmaLN034G9UkeQdqsps,5a3fdd06d836490c18717352,0.2261368134,0.1869525431,0.4114034775,0.0886975254,0.0868096406
1C3sffOOvQNUwg4YIsvKqy,5a41affa8cc3d0d2d4277a54,0.2175146432,0.3118797636,0.1763091035,0.0168024878,0.277494002
50eEhK6sfbvKaI75ZqD96I,5a41a4b48cc3d0d2d424e5f2,0.290259899,0.200550954,0.3767540791,0.0598240647,0.0726110033
6S5jf5noKu0JJjLLVUCZqP,5a3fb329d836490c186f7449,0.206827792,0.3394833635,0.1357255484,0.0059624712,0.312000825
3XHO7cRUPCLOr6jwp8vsx5,5a3fb969d836490c186fbe1f,0.3322705391,0.1496054813,0.3107751364,0.0263524683,0.1809963749
22yx7oCj4eUJpDEPl06hXD,5a3faef1d836490c186f3c1b,0.3049769156,0.1741992296,0.2925999062,0.0342790659,0.1939448827
5BKzvAPtNXnt0LwzGvKOH3,5a3faf2cd836490c186f3f60,0.3043467933,0.178944609,0.3583386459,0.0493203376,0.1090496143
0diyNvnhXZMJZiLaV25Lc4,5a41acc78cc3d0d2d4264929,0.2149008549,0.3041329636,0.1938783463,0.0146160175,0.2724718178
20oQv3LStCKCjI9oQ0JNha,5a3fd914d836490c187142cf,0.2287318736,0.2961844164,0.1670287973,0.0190597417,0.2889951709
71VUVLmoTKKYfIugkavMeS,5a41af728cc3d0d2d4274565,0.2794892042,0.1417630542,0.3568986955,0.0563809585,0.1654680876
5Zmur9D9gpr6tXyDrpnbOe,5a41924a8cc3d0d2d424006f,0.2821587092,0.1894072327,0.2782703339,0.0377676076,0.2123961167
2wOqMjp9TyABvtHdOSOTUS,5a41963c8cc3d0d2d42434d9,0.1895916976,0.3365174451,0.1417701194,0.0099489098,0.3221718282
4fmvA5uVlZUNsje29D1PaW,5a41b1b48cc3d0d2d4281d12,0.1806273129,0.3742977098,0.0694320923,0.0026874497,0.3729554353
4WCpgJFxAdAsm4FSD9CAfX,5a3faf7bd836490c186f4440,0.1809942872,0.3685262263,0.0716019085,0.0039744908,0.3749030872
7eOVIEPN2eqw9uLsK9P17q,5a41b6248cc3d0d2d429aaaf,0.2008088765,0.3213170372,0.1805415484,0.0137242497,0.2836082883
6EsuMifB8c5rm5P2DdjiLe,5a4192d58cc3d0d2d424070e,0.1789706803,0.369913035,0.075710733,0.0033866913,0.3720188604
7lis4nJqfPm4jTXZdfAJDy,5a41a4268cc3d0d2d424e086,0.1584599348,0.3836169189,0.0747567284,0.0035394632,0.3796269547
0qxiHjDHTVwI9Q1pcU5jxQ,5a3fbfd8d836490c1870151c,0.2598652228,0.2291156016,0.2405560545,0.0265040325,0.2439590886
1YHUx5UWB4wFTH0o5Yvlwj,5a3fce35d836490c1870c83a,0.2596322632,0.2262969492,0.4043176888,0.0698132653,0.0399398335
1W6r0ywZ5r1eQ2UnV7MlUJ,5a3fbdbad836490c186ff997,0.1925781204,0.3698444474,0.0795743195,0.0025364728,0.35546664
0HiTed3FPoX0yBdqw1i6GH,5a3fb918d836490c186fba04,0.2631285834,0.2290201569,0.4023549412,0.0663561935,0.0391401249
4D42J3IJpcTm3zxzmZ7TCV,5a41b72f8cc3d0d2d42a0c57,0.1821157449,0.3426807823,0.1360964181,0.0129900486,0.3261170061
2uEOVKQiVJDDBmL5MxHpNv,5a41b5fc8cc3d0d2d4299c80,0.2184394613,0.3259021821,0.1371559474,0.0095412095,0.3089611997
3Mqc1pY8uwTjUiW0womxWk,5a3fc5c3d836490c18705db3,0.2818321652,0.1677869685,0.3046048369,0.0372829355,0.2084930938
5dDn2NkprqEkypmRzyAtPt,5a3fd384d836490c1870fd2f,0.1577507144,0.3863731644,0.0964593965,0.0070690333,0.3523476914
3ctnkEZGtVBTxS7IMin8nC,5a3fca77d836490c1870a3cd,0.2344201775,0.3043373764,0.1430539015,0.0166436744,0.3015448702
3YcBF2ttyueytpXtEzn1Za,5a3fd502d836490c18710c59,0.2181301165,0.3188657738,0.1520213784,0.0118961846,0.2990865467
1X1f0eZsNTvUUZ48ZGmFtd,5a3fd1f1d836490c1870ecad,0.1629075071,0.3800445266,0.1028106882,0.0076853627,0.3465519153
6deZN1bslXzeGvOLaLMOIF,5a3fd711d836490c18712523,0.2270738566,0.2010196825,0.3089855824,0.0489163547,0.2140045238
2k91aXkeSCPtrFGQzvIgu3,5a3fb8e9d836490c186fb7b5,0.2424038589,0.2709885117,0.3780157484,0.0690793049,0.0395125761
4NqS7DbPFYwZmniGHCPMpm,5a4197c38cc3d0d2d4244827,0.220983567,0.2215834956,0.4192550802,0.0895775628,0.0486002944
56T4hcGsTZdoupV4ER1q8A,5a3faed8d836490c186f3aa1,0.2540861535,0.2398552493,0.2301113229,0.0281015862,0.2478456882
5oERdzrfb6kmNMzPNINZib,5a4199508cc3d0d2d4245bfb,0.3071396597,0.1878356482,0.2763612279,0.0312828055,0.1973806587
0OTnx2X2FDXeewcm72lavT,5a3fb03dd836490c186f4eb7,0.2518801162,0.2369179145,0.2480631656,0.0225032415,0.2406355621
